#
# AEG Box Test Suite by I. D. Flintoft, L. Dawson, J. F. Dawson and A. C. Marvin is 
# licensed under a Creative Commons Attribution 4.0 International License.
# Based on a work at https://bitbucket.org/uoyaeg/aegboxts.
#
# If you use or make derivatives of the test suite please attribute the original
# work to I. D. Flintoft, L. Dawson, J. F. Dawson and A. C. Marvin, Applied
# Electromagnetics Group, Department of Electronics, University of York, UK.
#
#       f(Hz)      Re(S11)      Im(S11)      Re(S12)      Im(S12)      Re(S21)      Im(S21)      Re(S22)      Im(S22) 
            0    -0.997497  1.22154e-16   1.2271e-05            0   1.2271e-05            0    -0.997497  1.22154e-16
   5.9958e+07    -0.997497 -3.37278e-05 -5.77308e-05  6.19027e-05 -5.77308e-05  6.19027e-05    -0.997497 -3.37278e-05
  1.19916e+08    -0.997497 -6.90472e-05  -5.7372e-05  0.000122897  -5.7372e-05  0.000122897    -0.997497 -6.90472e-05
  1.79874e+08    -0.997497 -0.000104104 -5.72799e-05  0.000183779 -5.72799e-05  0.000183779    -0.997497 -0.000104104
  2.39832e+08    -0.997497 -0.000138722 -5.67414e-05  0.000245421 -5.67414e-05  0.000245421    -0.997497 -0.000138722
   2.9979e+08    -0.997497 -0.000174061  -5.6156e-05  0.000306556  -5.6156e-05  0.000306556    -0.997497 -0.000174061
  3.59748e+08    -0.997497 -0.000209122 -5.58894e-05  0.000367826 -5.58894e-05  0.000367826    -0.997497 -0.000209122
  4.19706e+08    -0.997497 -0.000244022 -5.50734e-05  0.000429319 -5.50734e-05  0.000429319    -0.997497 -0.000244022
  4.79664e+08    -0.997497 -0.000278921 -5.42775e-05  0.000490665 -5.42775e-05  0.000490665    -0.997497 -0.000278921
  5.39622e+08    -0.997497 -0.000312915 -5.35785e-05   0.00055212 -5.35785e-05   0.00055212    -0.997497 -0.000312915
   5.9958e+08    -0.997497  -0.00034754 -5.26701e-05  0.000613666 -5.26701e-05  0.000613666    -0.997497  -0.00034754
  6.59538e+08    -0.997497 -0.000382028 -5.16623e-05  0.000675188 -5.16623e-05  0.000675188    -0.997497 -0.000382028
  7.19496e+08    -0.997497  -0.00041598 -5.06685e-05  0.000736813 -5.06685e-05  0.000736813    -0.997497  -0.00041598
  7.79454e+08    -0.997496 -0.000451061 -4.95962e-05  0.000798547 -4.95962e-05  0.000798547    -0.997496 -0.000451061
  8.39412e+08    -0.997496 -0.000485239 -4.84235e-05  0.000860364 -4.84235e-05  0.000860364    -0.997496 -0.000485239
   8.9937e+08    -0.997496 -0.000519182 -4.72373e-05  0.000922207 -4.72373e-05  0.000922207    -0.997496 -0.000519182
  9.59328e+08    -0.997496 -0.000553392 -4.60776e-05  0.000984217 -4.60776e-05  0.000984217    -0.997496 -0.000553392
  1.01929e+09    -0.997496 -0.000588362 -4.48399e-05   0.00104636 -4.48399e-05   0.00104636    -0.997496 -0.000588362
  1.07924e+09    -0.997496 -0.000619049 -4.35634e-05    0.0011086 -4.35634e-05    0.0011086    -0.997496 -0.000619049
   1.1392e+09    -0.997496 -0.000653293 -4.22147e-05   0.00117104 -4.22147e-05   0.00117104    -0.997496 -0.000653293
  1.19916e+09    -0.997496 -0.000687447 -4.08115e-05   0.00123351 -4.08115e-05   0.00123351    -0.997496 -0.000687447
  1.25912e+09    -0.997496 -0.000721944 -3.94676e-05   0.00129607 -3.94676e-05   0.00129607    -0.997496 -0.000721944
  1.31908e+09    -0.997496  -0.00075608 -3.80607e-05    0.0013589 -3.80607e-05    0.0013589    -0.997496  -0.00075608
  1.37903e+09    -0.997496 -0.000785956 -3.66328e-05   0.00142174 -3.66328e-05   0.00142174    -0.997496 -0.000785956
  1.43899e+09    -0.997495 -0.000818859   -3.526e-05   0.00148476   -3.526e-05   0.00148476    -0.997495 -0.000818859
  1.49895e+09    -0.997495 -0.000850196 -3.38253e-05   0.00154792 -3.38253e-05   0.00154792    -0.997495 -0.000850196
  1.55891e+09    -0.997495 -0.000884689 -3.24979e-05   0.00161124 -3.24979e-05   0.00161124    -0.997495 -0.000884689
  1.61887e+09    -0.997495 -0.000921812 -3.11073e-05   0.00167476 -3.11073e-05   0.00167476    -0.997495 -0.000921812
  1.67882e+09    -0.997495 -0.000950357 -2.97557e-05   0.00173841 -2.97557e-05   0.00173841    -0.997495 -0.000950357
  1.73878e+09    -0.997495 -0.000979031 -2.84769e-05   0.00180224 -2.84769e-05   0.00180224    -0.997495 -0.000979031
  1.79874e+09    -0.997495  -0.00101321  -2.7186e-05   0.00186624  -2.7186e-05   0.00186624    -0.997495  -0.00101321
   1.8587e+09    -0.997494  -0.00104538 -2.58651e-05   0.00193037 -2.58651e-05   0.00193037    -0.997494  -0.00104538
  1.91866e+09    -0.997494  -0.00107917 -2.46475e-05   0.00199462 -2.46475e-05   0.00199462    -0.997494  -0.00107917
  1.97861e+09    -0.997494   -0.0011059 -2.35197e-05   0.00205901 -2.35197e-05   0.00205901    -0.997494   -0.0011059
  2.03857e+09    -0.997494  -0.00113949  -2.2463e-05   0.00212361  -2.2463e-05   0.00212361    -0.997494  -0.00113949
  2.09853e+09    -0.997494  -0.00117261  -2.1443e-05   0.00218835  -2.1443e-05   0.00218835    -0.997494  -0.00117261
  2.15849e+09    -0.997494  -0.00120088 -2.05388e-05   0.00225324 -2.05388e-05   0.00225324    -0.997494  -0.00120088
  2.21845e+09    -0.997493  -0.00123587 -1.97412e-05    0.0023183 -1.97412e-05    0.0023183    -0.997493  -0.00123587
   2.2784e+09    -0.997493  -0.00126598 -1.89955e-05   0.00238353 -1.89955e-05   0.00238353    -0.997493  -0.00126598
  2.33836e+09    -0.997493  -0.00129922 -1.83724e-05    0.0024489 -1.83724e-05    0.0024489    -0.997493  -0.00129922
  2.39832e+09    -0.997493  -0.00132493 -1.78605e-05   0.00251444 -1.78605e-05   0.00251444    -0.997493  -0.00132493
  2.45828e+09    -0.997493  -0.00135486 -1.74773e-05   0.00258011 -1.74773e-05   0.00258011    -0.997493  -0.00135486
  2.51824e+09    -0.997492  -0.00138856 -1.72184e-05   0.00264598 -1.72184e-05   0.00264598    -0.997492  -0.00138856
  2.57819e+09    -0.997492  -0.00141552 -1.70428e-05   0.00271199 -1.70428e-05   0.00271199    -0.997492  -0.00141552
  2.63815e+09    -0.997492  -0.00144624 -1.69945e-05   0.00277812 -1.69945e-05   0.00277812    -0.997492  -0.00144624
  2.69811e+09    -0.997492  -0.00147613 -1.71136e-05    0.0028444 -1.71136e-05    0.0028444    -0.997492  -0.00147613
  2.75807e+09    -0.997491  -0.00150878 -1.73625e-05   0.00291082 -1.73625e-05   0.00291082    -0.997491  -0.00150878
  2.81803e+09    -0.997491  -0.00153811 -1.77507e-05   0.00297736 -1.77507e-05   0.00297736    -0.997491  -0.00153811
  2.87798e+09    -0.997491  -0.00156486 -1.82978e-05   0.00304403 -1.82978e-05   0.00304403    -0.997491  -0.00156486
  2.93794e+09    -0.997491   -0.0015912 -1.90105e-05   0.00311081 -1.90105e-05   0.00311081    -0.997491   -0.0015912
   2.9979e+09     -0.99749   -0.0016227 -1.98871e-05   0.00317773 -1.98871e-05   0.00317773     -0.99749   -0.0016227
  3.05786e+09     -0.99749  -0.00165377 -2.09483e-05   0.00324474 -2.09483e-05   0.00324474     -0.99749  -0.00165377
  3.11782e+09     -0.99749  -0.00168182 -2.21466e-05   0.00331187 -2.21466e-05   0.00331187     -0.99749  -0.00168182
  3.17777e+09     -0.99749    -0.001706 -2.35347e-05   0.00337907 -2.35347e-05   0.00337907     -0.99749    -0.001706
  3.23773e+09    -0.997489  -0.00173645 -2.51185e-05    0.0034464 -2.51185e-05    0.0034464    -0.997489  -0.00173645
  3.29769e+09    -0.997489  -0.00176696 -2.68814e-05   0.00351381 -2.68814e-05   0.00351381    -0.997489  -0.00176696
  3.35765e+09    -0.997489  -0.00179733 -2.88188e-05   0.00358132 -2.88188e-05   0.00358132    -0.997489  -0.00179733
  3.41761e+09    -0.997489  -0.00182371 -3.09439e-05   0.00364887 -3.09439e-05   0.00364887    -0.997489  -0.00182371
  3.47756e+09    -0.997488  -0.00184928 -3.32699e-05   0.00371649 -3.32699e-05   0.00371649    -0.997488  -0.00184928
  3.53752e+09    -0.997488  -0.00187875  -3.5807e-05    0.0037842  -3.5807e-05    0.0037842    -0.997488  -0.00187875
  3.59748e+09    -0.997488  -0.00190616 -3.85481e-05   0.00385196 -3.85481e-05   0.00385196    -0.997488  -0.00190616
  3.65744e+09    -0.997487  -0.00193439 -4.14665e-05   0.00391979 -4.14665e-05   0.00391979    -0.997487  -0.00193439
   3.7174e+09    -0.997487  -0.00196375  -4.4595e-05   0.00398765  -4.4595e-05   0.00398765    -0.997487  -0.00196375
  3.77735e+09    -0.997487  -0.00198942 -4.78758e-05   0.00405556 -4.78758e-05   0.00405556    -0.997487  -0.00198942
  3.83731e+09    -0.997486  -0.00201754 -5.13793e-05   0.00412349 -5.13793e-05   0.00412349    -0.997486  -0.00201754
  3.89727e+09    -0.997486   -0.0020463 -5.50965e-05   0.00419145 -5.50965e-05   0.00419145    -0.997486   -0.0020463
  3.95723e+09    -0.997486  -0.00207402 -5.89964e-05   0.00425942 -5.89964e-05   0.00425942    -0.997486  -0.00207402
  4.01719e+09    -0.997485  -0.00210315 -6.30907e-05   0.00432741 -6.30907e-05   0.00432741    -0.997485  -0.00210315
  4.07714e+09    -0.997485  -0.00212745 -6.73824e-05   0.00439538 -6.73824e-05   0.00439538    -0.997485  -0.00212745
   4.1371e+09    -0.997485  -0.00215597 -7.18714e-05   0.00446338 -7.18714e-05   0.00446338    -0.997485  -0.00215597
  4.19706e+09    -0.997484  -0.00218427 -7.65682e-05   0.00453137 -7.65682e-05   0.00453137    -0.997484  -0.00218427
  4.25702e+09    -0.997484    -0.002213  -8.1421e-05   0.00459933  -8.1421e-05   0.00459933    -0.997484    -0.002213
  4.31698e+09    -0.997483  -0.00224141 -8.65134e-05   0.00466728 -8.65134e-05   0.00466728    -0.997483  -0.00224141
  4.37693e+09    -0.997483  -0.00226611 -9.17092e-05   0.00473521 -9.17092e-05   0.00473521    -0.997483  -0.00226611
  4.43689e+09    -0.997483  -0.00229099 -9.71024e-05   0.00480309 -9.71024e-05   0.00480309    -0.997483  -0.00229099
  4.49685e+09    -0.997482  -0.00232119  -0.00010273   0.00487095  -0.00010273   0.00487095    -0.997482  -0.00232119
  4.55681e+09    -0.997482  -0.00235635 -0.000108474   0.00493872 -0.000108474   0.00493872    -0.997482  -0.00235635
  4.61677e+09    -0.997481  -0.00238719 -0.000114423   0.00500649 -0.000114423   0.00500649    -0.997481  -0.00238719
  4.67672e+09    -0.997481  -0.00239975 -0.000120473   0.00507419 -0.000120473   0.00507419    -0.997481  -0.00239975
  4.73668e+09    -0.997481  -0.00243069 -0.000126751    0.0051418 -0.000126751    0.0051418    -0.997481  -0.00243069
  4.79664e+09     -0.99748  -0.00246135 -0.000133151   0.00520938 -0.000133151   0.00520938     -0.99748  -0.00246135
   4.8566e+09     -0.99748  -0.00249611 -0.000139763   0.00527688 -0.000139763   0.00527688     -0.99748  -0.00249611
  4.91656e+09    -0.997479  -0.00252705   -0.0001465   0.00534432   -0.0001465   0.00534432    -0.997479  -0.00252705
  4.97651e+09    -0.997479  -0.00253742 -0.000153244   0.00541166 -0.000153244   0.00541166    -0.997479  -0.00253742
  5.03647e+09    -0.997478  -0.00257341 -0.000160224   0.00547893 -0.000160224   0.00547893    -0.997478  -0.00257341
  5.09643e+09    -0.997478  -0.00260304 -0.000167328   0.00554614 -0.000167328   0.00554614    -0.997478  -0.00260304
  5.15639e+09    -0.997478   -0.0026354 -0.000174553   0.00561325 -0.000174553   0.00561325    -0.997478   -0.0026354
  5.21635e+09    -0.997477  -0.00266857   -0.0001819   0.00568028   -0.0001819   0.00568028    -0.997477  -0.00266857
   5.2763e+09    -0.997477  -0.00268088 -0.000189247   0.00574722 -0.000189247   0.00574722    -0.997477  -0.00268088
  5.33626e+09    -0.997476  -0.00271298 -0.000196835   0.00581405 -0.000196835   0.00581405    -0.997476  -0.00271298
  5.39622e+09    -0.997476  -0.00274707 -0.000204442   0.00588082 -0.000204442   0.00588082    -0.997476  -0.00274707
  5.45618e+09    -0.997475   -0.0027787 -0.000212167   0.00594746 -0.000212167   0.00594746    -0.997475   -0.0027787
  5.51614e+09    -0.997475  -0.00281475  -0.00022001   0.00601402  -0.00022001   0.00601402    -0.997475  -0.00281475
  5.57609e+09    -0.997474  -0.00282836 -0.000227736    0.0060805 -0.000227736    0.0060805    -0.997474  -0.00282836
  5.63605e+09    -0.997474  -0.00285871 -0.000235704   0.00614686 -0.000235704   0.00614686    -0.997474  -0.00285871
  5.69601e+09    -0.997473  -0.00289396 -0.000243678   0.00621311 -0.000243678   0.00621311    -0.997473  -0.00289396
  5.75597e+09    -0.997473  -0.00292857 -0.000251765   0.00627927 -0.000251765   0.00627927    -0.997473  -0.00292857
  5.81593e+09    -0.997472  -0.00295888 -0.000259853   0.00634533 -0.000259853   0.00634533    -0.997472  -0.00295888
  5.87588e+09    -0.997472  -0.00297435 -0.000267916   0.00641135 -0.000267916   0.00641135    -0.997472  -0.00297435
  5.93584e+09    -0.997471  -0.00300328 -0.000275996   0.00647724 -0.000275996   0.00647724    -0.997471  -0.00300328
   5.9958e+09    -0.997471  -0.00304233 -0.000284181   0.00654305 -0.000284181   0.00654305    -0.997471  -0.00304233
  6.05576e+09     -0.99747  -0.00307198 -0.000292357    0.0066088 -0.000292357    0.0066088     -0.99747  -0.00307198
  6.11572e+09     -0.99747  -0.00311058 -0.000300633   0.00667444 -0.000300633   0.00667444     -0.99747  -0.00311058
  6.17567e+09    -0.997469   -0.0031203 -0.000308635   0.00674002 -0.000308635   0.00674002    -0.997469   -0.0031203
  6.23563e+09    -0.997469  -0.00315293 -0.000316876   0.00680553 -0.000316876   0.00680553    -0.997469  -0.00315293
  6.29559e+09    -0.997468  -0.00318859 -0.000324973   0.00687094 -0.000324973   0.00687094    -0.997468  -0.00318859
  6.35555e+09    -0.997467  -0.00322728 -0.000333165   0.00693631 -0.000333165   0.00693631    -0.997467  -0.00322728
  6.41551e+09    -0.997467  -0.00326018 -0.000341204   0.00700159 -0.000341204   0.00700159    -0.997467  -0.00326018
  6.47546e+09    -0.997466  -0.00326896 -0.000349183   0.00706684 -0.000349183   0.00706684    -0.997466  -0.00326896
  6.53542e+09    -0.997466  -0.00330554 -0.000357273   0.00713199 -0.000357273   0.00713199    -0.997466  -0.00330554
  6.59538e+09    -0.997465  -0.00334289 -0.000365199   0.00719713 -0.000365199   0.00719713    -0.997465  -0.00334289
  6.65534e+09    -0.997465   -0.0033745 -0.000373208   0.00726222 -0.000373208   0.00726222    -0.997465   -0.0033745
   6.7153e+09    -0.997464  -0.00340833 -0.000381043   0.00732727 -0.000381043   0.00732727    -0.997464  -0.00340833
  6.77525e+09    -0.997464  -0.00342674 -0.000388799   0.00739229 -0.000388799   0.00739229    -0.997464  -0.00342674
  6.83521e+09    -0.997463  -0.00345497  -0.00039653    0.0074573  -0.00039653    0.0074573    -0.997463  -0.00345497
  6.89517e+09    -0.997462  -0.00348986 -0.000404203   0.00752228 -0.000404203   0.00752228    -0.997462  -0.00348986
  6.95513e+09    -0.997462  -0.00352844  -0.00041195   0.00758728  -0.00041195   0.00758728    -0.997462  -0.00352844
  7.01509e+09    -0.997461  -0.00356315 -0.000419367   0.00765226 -0.000419367   0.00765226    -0.997461  -0.00356315
  7.07504e+09    -0.997461  -0.00357613 -0.000426821   0.00771723 -0.000426821   0.00771723    -0.997461  -0.00357613
    7.135e+09     -0.99746  -0.00361174 -0.000434098   0.00778222 -0.000434098   0.00778222     -0.99746  -0.00361174
  7.19496e+09    -0.997459  -0.00364594 -0.000441439   0.00784725 -0.000441439   0.00784725    -0.997459  -0.00364594
  7.25492e+09    -0.997459  -0.00368096 -0.000448705   0.00791229 -0.000448705   0.00791229    -0.997459  -0.00368096
  7.31488e+09    -0.997458  -0.00371555 -0.000455893   0.00797739 -0.000455893   0.00797739    -0.997458  -0.00371555
  7.37483e+09    -0.997457  -0.00372948 -0.000462687   0.00804252 -0.000462687   0.00804252    -0.997457  -0.00372948
  7.43479e+09    -0.997457  -0.00376362 -0.000469707   0.00810769 -0.000469707   0.00810769    -0.997457  -0.00376362
  7.49475e+09    -0.997456  -0.00379789 -0.000476497   0.00817294 -0.000476497   0.00817294    -0.997456  -0.00379789
  7.55471e+09    -0.997455  -0.00383282  -0.00048334   0.00823825  -0.00048334   0.00823825    -0.997455  -0.00383282
  7.61467e+09    -0.997455  -0.00386743 -0.000489944   0.00830364 -0.000489944   0.00830364    -0.997455  -0.00386743
  7.67462e+09    -0.997454  -0.00388013  -0.00049642   0.00836914  -0.00049642   0.00836914    -0.997454  -0.00388013
  7.73458e+09    -0.997453  -0.00391436 -0.000502826   0.00843471 -0.000502826   0.00843471    -0.997453  -0.00391436
  7.79454e+09    -0.997453  -0.00394808 -0.000509278    0.0085004 -0.000509278    0.0085004    -0.997453  -0.00394808
   7.8545e+09    -0.997452  -0.00398191 -0.000515624   0.00856616 -0.000515624   0.00856616    -0.997452  -0.00398191
  7.91446e+09    -0.997451  -0.00401635 -0.000521865   0.00863209 -0.000521865   0.00863209    -0.997451  -0.00401635
  7.97441e+09    -0.997451  -0.00402893  -0.00052778   0.00869813  -0.00052778   0.00869813    -0.997451  -0.00402893
  8.03437e+09     -0.99745  -0.00406241 -0.000533857    0.0087643 -0.000533857    0.0087643     -0.99745  -0.00406241
  8.09433e+09    -0.997449  -0.00409662 -0.000539835    0.0088306 -0.000539835    0.0088306    -0.997449  -0.00409662
  8.15429e+09    -0.997448   -0.0041295 -0.000545743   0.00889709 -0.000545743   0.00889709    -0.997448   -0.0041295
  8.21425e+09    -0.997448  -0.00416262 -0.000551578   0.00896371 -0.000551578   0.00896371    -0.997448  -0.00416262
  8.27421e+09    -0.997447  -0.00417823 -0.000557181   0.00903051 -0.000557181   0.00903051    -0.997447  -0.00417823
  8.33416e+09    -0.997446  -0.00420737 -0.000562845   0.00909748 -0.000562845   0.00909748    -0.997446  -0.00420737
  8.39412e+09    -0.997446  -0.00424003 -0.000568466   0.00916462 -0.000568466   0.00916462    -0.997446  -0.00424003
  8.45408e+09    -0.997445  -0.00427257 -0.000574054   0.00923193 -0.000574054   0.00923193    -0.997445  -0.00427257
  8.51404e+09    -0.997444  -0.00430449 -0.000579593   0.00929945 -0.000579593   0.00929945    -0.997444  -0.00430449
  8.57399e+09    -0.997443  -0.00431577 -0.000584884   0.00936717 -0.000584884   0.00936717    -0.997443  -0.00431577
  8.63395e+09    -0.997443  -0.00434739 -0.000590337   0.00943509 -0.000590337   0.00943509    -0.997443  -0.00434739
  8.69391e+09    -0.997442  -0.00437917  -0.00059577   0.00950322  -0.00059577   0.00950322    -0.997442  -0.00437917
  8.75387e+09    -0.997441  -0.00441097 -0.000601168   0.00957158 -0.000601168   0.00957158    -0.997441  -0.00441097
  8.81383e+09     -0.99744  -0.00444239 -0.000606544   0.00964014 -0.000606544   0.00964014     -0.99744  -0.00444239
  8.87378e+09    -0.997439  -0.00445219 -0.000611727   0.00970895 -0.000611727   0.00970895    -0.997439  -0.00445219
  8.93374e+09    -0.997439  -0.00448222 -0.000617093   0.00977798 -0.000617093   0.00977798    -0.997439  -0.00448222
   8.9937e+09    -0.997438  -0.00451353  -0.00062247   0.00984724  -0.00062247   0.00984724    -0.997438  -0.00451353
  9.05366e+09    -0.997437  -0.00454373 -0.000627859   0.00991673 -0.000627859   0.00991673    -0.997437  -0.00454373
  9.11362e+09    -0.997436  -0.00457375 -0.000633259   0.00998645 -0.000633259   0.00998645    -0.997436  -0.00457375
  9.17357e+09    -0.997435  -0.00458206 -0.000638477    0.0100565 -0.000638477    0.0100565    -0.997435  -0.00458206
  9.23353e+09    -0.997435  -0.00461178  -0.00064394    0.0101268  -0.00064394    0.0101268    -0.997435  -0.00461178
  9.29349e+09    -0.997434  -0.00464059 -0.000649423    0.0101972 -0.000649423    0.0101972    -0.997434  -0.00464059
  9.35345e+09    -0.997433  -0.00467051 -0.000654963     0.010268 -0.000654963     0.010268    -0.997433  -0.00467051
  9.41341e+09    -0.997432  -0.00469921 -0.000660548    0.0103389 -0.000660548    0.0103389    -0.997432  -0.00469921
  9.47337e+09    -0.997431  -0.00471003 -0.000666039    0.0104102 -0.000666039    0.0104102    -0.997431  -0.00471003
  9.53332e+09     -0.99743  -0.00473459 -0.000671736    0.0104817 -0.000671736    0.0104817     -0.99743  -0.00473459
  9.59328e+09    -0.997429  -0.00476176 -0.000677557    0.0105534 -0.000677557    0.0105534    -0.997429  -0.00476176
  9.65324e+09    -0.997429  -0.00478917 -0.000683456    0.0106255 -0.000683456    0.0106255    -0.997429  -0.00478917
   9.7132e+09    -0.997428  -0.00481717 -0.000689442    0.0106977 -0.000689442    0.0106977    -0.997428  -0.00481717
  9.77315e+09    -0.997427   -0.0048262 -0.000695324    0.0107702 -0.000695324    0.0107702    -0.997427   -0.0048262
  9.83311e+09    -0.997426  -0.00484686 -0.000701535    0.0108431 -0.000701535    0.0108431    -0.997426  -0.00484686
  9.89307e+09    -0.997425  -0.00487776 -0.000707867     0.010916 -0.000707867     0.010916    -0.997425  -0.00487776
  9.95303e+09    -0.997424  -0.00490053 -0.000714344    0.0109894 -0.000714344    0.0109894    -0.997424  -0.00490053
