#
# This work is licensed under the Creative Commons 
# Attribution-NoDerivatives 4.0 International License. 
# To view a copy of this license, visit 
# http://creativecommons.org/licenses/by-nd/4.0/.
#
#       f(Hz)      Re(Z11)      Im(Z11)      Re(Z12)      Im(Z12)      Re(Z21)      Im(Z21)      Re(Z22)      Im(Z22) 
            0     0.472094  2.30673e-14   0.00231723  2.83413e-19   0.00231723  2.83413e-19     0.472094  2.30673e-14
   5.9958e+07     0.472094  -0.00636975   -0.0109014    0.0116899   -0.0109014    0.0116899     0.472094  -0.00636975
  1.19916e+08     0.472094     -0.01304   -0.0108324    0.0232083   -0.0108324    0.0232083     0.472094     -0.01304
  1.79874e+08     0.472094   -0.0196608    -0.010813    0.0347056    -0.010813    0.0347056     0.472094   -0.0196608
  2.39832e+08     0.472094   -0.0261985   -0.0107085    0.0463462   -0.0107085    0.0463462     0.472094   -0.0261985
   2.9979e+08     0.472094   -0.0328726   -0.0105943    0.0578911   -0.0105943    0.0578911     0.472094   -0.0328726
  3.59748e+08     0.472094    -0.039494   -0.0105395    0.0694616   -0.0105395    0.0694616     0.472094    -0.039494
  4.19706e+08     0.472094   -0.0460849   -0.0103801    0.0810741   -0.0103801    0.0810741     0.472094   -0.0460849
  4.79664e+08     0.472094   -0.0526758   -0.0102238    0.0926588   -0.0102238    0.0926588     0.472094   -0.0526758
  5.39622e+08     0.472094   -0.0590957    -0.010085     0.104264    -0.010085     0.104264     0.472094   -0.0590957
   5.9958e+08     0.472094   -0.0656347  -0.00990576     0.115887  -0.00990576     0.115887     0.472094   -0.0656347
  6.59538e+08     0.472094   -0.0721478  -0.00970701     0.127505  -0.00970701     0.127505     0.472094   -0.0721478
  7.19496e+08     0.472094   -0.0785597  -0.00951016     0.139142  -0.00951016     0.139142     0.472094   -0.0785597
  7.79454e+08     0.472094   -0.0851847  -0.00929752       0.1508  -0.00929752       0.1508     0.472094   -0.0851847
  8.39412e+08     0.472094   -0.0916392  -0.00906523     0.162474  -0.00906523     0.162474     0.472094   -0.0916392
   8.9937e+08     0.472094   -0.0980492  -0.00882964     0.174152  -0.00882964     0.174152     0.472094   -0.0980492
  9.59328e+08     0.472094     -0.10451  -0.00859819     0.185862  -0.00859819     0.185862     0.472094     -0.10451
  1.01929e+09     0.472094    -0.111114  -0.00835104     0.197597  -0.00835104     0.197597     0.472094    -0.111114
  1.07924e+09     0.472094    -0.116909  -0.00809665     0.209351  -0.00809665     0.209351     0.472094    -0.116909
   1.1392e+09     0.472094    -0.123376  -0.00782706     0.221141  -0.00782706     0.221141     0.472094    -0.123376
  1.19916e+09     0.472094    -0.129825  -0.00754642     0.232937  -0.00754642     0.232937     0.472094    -0.129825
  1.25912e+09     0.472094     -0.13634  -0.00727605     0.244752  -0.00727605     0.244752     0.472094     -0.13634
  1.31908e+09     0.472094    -0.142786  -0.00699303     0.256616  -0.00699303     0.256616     0.472094    -0.142786
  1.37903e+09     0.472094    -0.148428  -0.00670637     0.268483  -0.00670637     0.268483     0.472094    -0.148428
  1.43899e+09     0.472094    -0.154641  -0.00642854     0.280384  -0.00642854     0.280384     0.472094    -0.154641
  1.49895e+09     0.472094    -0.160559  -0.00613866     0.292311  -0.00613866     0.292311     0.472094    -0.160559
  1.55891e+09     0.472094    -0.167072  -0.00586729     0.304269  -0.00586729     0.304269     0.472094    -0.167072
  1.61887e+09     0.472094    -0.174082  -0.00558233     0.316263  -0.00558233     0.316263     0.472094    -0.174082
  1.67882e+09     0.472094    -0.179473  -0.00530661     0.328282  -0.00530661     0.328282     0.472094    -0.179473
  1.73878e+09     0.472095    -0.184887  -0.00504389     0.340335  -0.00504389     0.340335     0.472095    -0.184887
  1.79874e+09     0.472095    -0.191341  -0.00477621     0.352422  -0.00477621     0.352422     0.472095    -0.191341
   1.8587e+09     0.472095    -0.197416  -0.00450275     0.364531  -0.00450275     0.364531     0.472095    -0.197416
  1.91866e+09     0.472095    -0.203797  -0.00424737     0.376664  -0.00424737     0.376664     0.472095    -0.203797
  1.97861e+09     0.472095    -0.208845  -0.00401087     0.388823  -0.00401087     0.388823     0.472095    -0.208845
  2.03857e+09     0.472095    -0.215187  -0.00378432     0.401023  -0.00378432     0.401023     0.472095    -0.215187
  2.09853e+09     0.472095    -0.221442  -0.00356406     0.413247  -0.00356406     0.413247     0.472095    -0.221442
  2.15849e+09     0.472095     -0.22678  -0.00336688     0.425501  -0.00336688     0.425501     0.472095     -0.22678
  2.21845e+09     0.472095    -0.233386  -0.00318615     0.437787  -0.00318615     0.437787     0.472095    -0.233386
   2.2784e+09     0.472095    -0.239073  -0.00301653     0.450104  -0.00301653     0.450104     0.472095    -0.239073
  2.33836e+09     0.472095     -0.24535  -0.00286782      0.46245  -0.00286782      0.46245     0.472095     -0.24535
  2.39832e+09     0.472095    -0.250205  -0.00274283     0.474826  -0.00274283     0.474826     0.472095    -0.250205
  2.45828e+09     0.472095    -0.255856  -0.00263942     0.487227  -0.00263942     0.487227     0.472095    -0.255856
  2.51824e+09     0.472095     -0.26222  -0.00255679     0.499665  -0.00255679     0.499665     0.472095     -0.26222
  2.57819e+09     0.472095    -0.267312  -0.00249248     0.512131  -0.00249248     0.512131     0.472095    -0.267312
  2.63815e+09     0.472095    -0.273114  -0.00244952     0.524619  -0.00244952     0.524619     0.472095    -0.273114
  2.69811e+09     0.472095    -0.278758  -0.00243782     0.537135  -0.00243782     0.537135     0.472095    -0.278758
  2.75807e+09     0.472095    -0.284924   -0.0024483     0.549678   -0.0024483     0.549678     0.472095    -0.284924
  2.81803e+09     0.472095    -0.290462  -0.00248612     0.562243  -0.00248612     0.562243     0.472095    -0.290462
  2.87798e+09     0.472095    -0.295515  -0.00255465     0.574833  -0.00255465     0.574833     0.472095    -0.295515
  2.93794e+09     0.472095     -0.30049  -0.00265397     0.587444  -0.00265397     0.587444     0.472095     -0.30049
   2.9979e+09     0.472095    -0.306439  -0.00278046     0.600082  -0.00278046     0.600082     0.472095    -0.306439
  3.05786e+09     0.472095    -0.312307  -0.00294122     0.612736  -0.00294122     0.612736     0.472095    -0.312307
  3.11782e+09     0.472096    -0.317604  -0.00312896     0.625414  -0.00312896     0.625414     0.472096    -0.317604
  3.17777e+09     0.472096    -0.322172  -0.00335427     0.638105  -0.00335427     0.638105     0.472096    -0.322172
  3.23773e+09     0.472096    -0.327924  -0.00361178      0.65082  -0.00361178      0.65082     0.472096    -0.327924
  3.29769e+09     0.472096    -0.333686  -0.00390227     0.663551  -0.00390227     0.663551     0.472096    -0.333686
  3.35765e+09     0.472096    -0.339422  -0.00422502     0.676299  -0.00422502     0.676299     0.472096    -0.339422
  3.41761e+09     0.472096    -0.344406  -0.00458516     0.689055  -0.00458516     0.689055     0.472096    -0.344406
  3.47756e+09     0.472096    -0.349236  -0.00498311     0.701826  -0.00498311     0.701826     0.472096    -0.349236
  3.53752e+09     0.472096    -0.354803  -0.00541743     0.714613  -0.00541743     0.714613     0.472096    -0.354803
  3.59748e+09     0.472096    -0.359982  -0.00589102     0.727412  -0.00589102     0.727412     0.472096    -0.359982
  3.65744e+09     0.472096    -0.365315  -0.00639674     0.740221  -0.00639674     0.740221     0.472096    -0.365315
   3.7174e+09     0.472096    -0.370863  -0.00694056     0.753037  -0.00694056     0.753037     0.472096    -0.370863
  3.77735e+09     0.472097    -0.375712   -0.0075152     0.765862   -0.0075152     0.765862     0.472097    -0.375712
  3.83731e+09     0.472097    -0.381026  -0.00812931     0.778692  -0.00812931     0.778692     0.472097    -0.381026
  3.89727e+09     0.472097     -0.38646  -0.00878255     0.791526  -0.00878255     0.791526     0.472097     -0.38646
  3.95723e+09     0.472097    -0.391699  -0.00947036     0.804364  -0.00947036     0.804364     0.472097    -0.391699
  4.01719e+09     0.472097    -0.397205    -0.010193     0.817205    -0.010193     0.817205     0.472097    -0.397205
  4.07714e+09     0.472097    -0.401798   -0.0109562     0.830043   -0.0109562     0.830043     0.472097    -0.401798
   4.1371e+09     0.472098    -0.407188   -0.0117525     0.842886   -0.0117525     0.842886     0.472098    -0.407188
  4.19706e+09     0.472098    -0.412537   -0.0125874     0.855727   -0.0125874     0.855727     0.472098    -0.412537
  4.25702e+09     0.472098    -0.417966   -0.0134508     0.868564   -0.0134508     0.868564     0.472098    -0.417966
  4.31698e+09     0.472098    -0.423337   -0.0143589     0.881399   -0.0143589     0.881399     0.472098    -0.423337
  4.37693e+09     0.472098    -0.428006   -0.0152891     0.894228   -0.0152891     0.894228     0.472098    -0.428006
  4.43689e+09     0.472099    -0.432711   -0.0162559      0.90705   -0.0162559      0.90705     0.472099    -0.432711
  4.49685e+09     0.472099     -0.43842   -0.0172613     0.919868   -0.0172613     0.919868     0.472099     -0.43842
  4.55681e+09     0.472099    -0.445067   -0.0182834     0.932669   -0.0182834     0.932669     0.472099    -0.445067
  4.61677e+09       0.4721    -0.450897   -0.0193475     0.945469   -0.0193475     0.945469       0.4721    -0.450897
  4.67672e+09       0.4721    -0.453275   -0.0204474     0.958256   -0.0204474     0.958256       0.4721    -0.453275
  4.73668e+09       0.4721    -0.459127   -0.0215721     0.971029   -0.0215721     0.971029       0.4721    -0.459127
  4.79664e+09     0.472101    -0.464924   -0.0227193     0.983795   -0.0227193     0.983795     0.472101    -0.464924
   4.8566e+09     0.472101    -0.471496   -0.0239019     0.996544   -0.0239019     0.996544     0.472101    -0.471496
  4.91656e+09     0.472102    -0.477347   -0.0251109      1.00928   -0.0251109      1.00928     0.472102    -0.477347
  4.97651e+09     0.472102    -0.479314   -0.0263416        1.022   -0.0263416        1.022     0.472102    -0.479314
  5.03647e+09     0.472102     -0.48612   -0.0275902      1.03471   -0.0275902      1.03471     0.472102     -0.48612
  5.09643e+09     0.472103    -0.491724   -0.0288678      1.04741   -0.0288678      1.04741     0.472103    -0.491724
  5.15639e+09     0.472103    -0.497844   -0.0301648      1.06009   -0.0301648      1.06009     0.472103    -0.497844
  5.21635e+09     0.472104    -0.504118   -0.0314832      1.07275   -0.0314832      1.07275     0.472104    -0.504118
   5.2763e+09     0.472105    -0.506453   -0.0328233      1.08539   -0.0328233      1.08539     0.472105    -0.506453
  5.33626e+09     0.472105    -0.512526   -0.0341871      1.09802   -0.0341871      1.09802     0.472105    -0.512526
  5.39622e+09     0.472106    -0.518974   -0.0355515      1.11063   -0.0355515      1.11063     0.472106    -0.518974
  5.45618e+09     0.472107    -0.524957   -0.0369399      1.12322   -0.0369399      1.12322     0.472107    -0.524957
  5.51614e+09     0.472107    -0.531776    -0.038345       1.1358    -0.038345       1.1358     0.472107    -0.531776
  5.57609e+09     0.472108    -0.534358   -0.0397529      1.14836   -0.0397529      1.14836     0.472108    -0.534358
  5.63605e+09     0.472109    -0.540103   -0.0411868      1.16089   -0.0411868      1.16089     0.472109    -0.540103
  5.69601e+09     0.472109     -0.54677   -0.0426154      1.17341   -0.0426154      1.17341     0.472109     -0.54677
  5.75597e+09      0.47211    -0.553318   -0.0440651      1.18591   -0.0440651      1.18591      0.47211    -0.553318
  5.81593e+09     0.472111    -0.559055   -0.0455195      1.19839   -0.0455195      1.19839     0.472111    -0.559055
  5.87588e+09     0.472112    -0.561989   -0.0469864      1.21086   -0.0469864      1.21086     0.472112    -0.561989
  5.93584e+09     0.472113    -0.567465   -0.0484397      1.22331   -0.0484397      1.22331     0.472113    -0.567465
   5.9958e+09     0.472114    -0.574853   -0.0498996      1.23575   -0.0498996      1.23575     0.472114    -0.574853
  6.05576e+09     0.472115    -0.580466   -0.0513685      1.24817   -0.0513685      1.24817     0.472115    -0.580466
  6.11572e+09     0.472116    -0.587769   -0.0528446      1.26057   -0.0528446      1.26057     0.472116    -0.587769
  6.17567e+09     0.472117    -0.589617   -0.0543046      1.27296   -0.0543046      1.27296     0.472117    -0.589617
  6.23563e+09     0.472118    -0.595794   -0.0557801      1.28534   -0.0557801      1.28534     0.472118    -0.595794
  6.29559e+09     0.472119    -0.602542   -0.0572238       1.2977   -0.0572238       1.2977     0.472119    -0.602542
  6.35555e+09      0.47212    -0.609863   -0.0586805      1.31005   -0.0586805      1.31005      0.47212    -0.609863
  6.41551e+09     0.472121    -0.616089   -0.0601152      1.32239   -0.0601152      1.32239     0.472121    -0.616089
  6.47546e+09     0.472122    -0.617763   -0.0615699      1.33471   -0.0615699      1.33471     0.472122    -0.617763
  6.53542e+09     0.472123    -0.624685   -0.0630079      1.34702   -0.0630079      1.34702     0.472123    -0.624685
  6.59538e+09     0.472124    -0.631754   -0.0644132      1.35933   -0.0644132      1.35933     0.472124    -0.631754
  6.65534e+09     0.472125    -0.637738    -0.065841      1.37163    -0.065841      1.37163     0.472125    -0.637738
   6.7153e+09     0.472126    -0.644141   -0.0672322      1.38392   -0.0672322      1.38392     0.472126    -0.644141
  6.77525e+09     0.472128    -0.647634   -0.0686291      1.39621   -0.0686291      1.39621     0.472128    -0.647634
  6.83521e+09     0.472129    -0.652981    -0.070007      1.40849    -0.070007      1.40849     0.472129    -0.652981
  6.89517e+09      0.47213    -0.659585   -0.0713638      1.42077   -0.0713638      1.42077      0.47213    -0.659585
  6.95513e+09     0.472131    -0.666886   -0.0727284      1.43305   -0.0727284      1.43305     0.472131    -0.666886
  7.01509e+09     0.472132    -0.673455   -0.0740354      1.44533   -0.0740354      1.44533     0.472132    -0.673455
  7.07504e+09     0.472134    -0.675922   -0.0753802      1.45761   -0.0753802      1.45761     0.472134    -0.675922
    7.135e+09     0.472135    -0.682664    -0.076658      1.46989    -0.076658      1.46989     0.472135    -0.682664
  7.19496e+09     0.472136    -0.689138   -0.0779491      1.48218   -0.0779491      1.48218     0.472136    -0.689138
  7.25492e+09     0.472137    -0.695767   -0.0792238      1.49447   -0.0792238      1.49447     0.472137    -0.695767
  7.31488e+09     0.472139    -0.702314   -0.0804837      1.50677   -0.0804837      1.50677     0.472139    -0.702314
  7.37483e+09      0.47214    -0.704961   -0.0816998      1.51908   -0.0816998      1.51908      0.47214    -0.704961
  7.43479e+09     0.472141    -0.711424    -0.082927      1.53139    -0.082927      1.53139     0.472141    -0.711424
  7.49475e+09     0.472142    -0.717911   -0.0841098      1.54372   -0.0841098      1.54372     0.472142    -0.717911
  7.55471e+09     0.472144    -0.724524   -0.0853005      1.55606   -0.0853005      1.55606     0.472144    -0.724524
  7.61467e+09     0.472145    -0.731076   -0.0864459      1.56842   -0.0864459      1.56842     0.472145    -0.731076
  7.67462e+09     0.472146    -0.733491   -0.0876007      1.58079   -0.0876007      1.58079     0.472146    -0.733491
  7.73458e+09     0.472147    -0.739969   -0.0887077      1.59319   -0.0887077      1.59319     0.472147    -0.739969
  7.79454e+09     0.472149    -0.746354   -0.0898231       1.6056   -0.0898231       1.6056     0.472149    -0.746354
   7.8545e+09      0.47215    -0.752758   -0.0909175      1.61803   -0.0909175      1.61803      0.47215    -0.752758
  7.91446e+09     0.472151    -0.759279   -0.0919902      1.63048   -0.0919902      1.63048     0.472151    -0.759279
  7.97441e+09     0.472152    -0.761671   -0.0930363      1.64296   -0.0930363      1.64296     0.472152    -0.761671
  8.03437e+09     0.472154    -0.768008    -0.094078      1.65547    -0.094078      1.65547     0.472154    -0.768008
  8.09433e+09     0.472155    -0.774486   -0.0950986      1.66799   -0.0950986      1.66799     0.472155    -0.774486
  8.15429e+09     0.472156    -0.780711   -0.0961075      1.68056   -0.0961075      1.68056     0.472156    -0.780711
  8.21425e+09     0.472157    -0.786983    -0.097101      1.69315    -0.097101      1.69315     0.472157    -0.786983
  8.27421e+09     0.472159    -0.789945   -0.0980798      1.70577   -0.0980798      1.70577     0.472159    -0.789945
  8.33416e+09      0.47216    -0.795466   -0.0990464      1.71842   -0.0990464      1.71842      0.47216    -0.795466
  8.39412e+09     0.472161    -0.801649   -0.0999977      1.73111   -0.0999977      1.73111     0.472161    -0.801649
  8.45408e+09     0.472162    -0.807811    -0.100942      1.74383    -0.100942      1.74383     0.472162    -0.807811
  8.51404e+09     0.472163    -0.813856    -0.101877      1.75659    -0.101877      1.75659     0.472163    -0.813856
  8.57399e+09     0.472165    -0.816002    -0.102801      1.76938    -0.102801      1.76938     0.472165    -0.816002
  8.63395e+09     0.472166    -0.821989    -0.103719      1.78222    -0.103719      1.78222     0.472166    -0.821989
  8.69391e+09     0.472167    -0.828009    -0.104632      1.79509    -0.104632      1.79509     0.472167    -0.828009
  8.75387e+09     0.472168     -0.83403    -0.105537      1.80801    -0.105537      1.80801     0.472168     -0.83403
  8.81383e+09      0.47217     -0.83998    -0.106438      1.82096    -0.106438      1.82096      0.47217     -0.83998
  8.87378e+09     0.472171    -0.841848    -0.107341      1.83397    -0.107341      1.83397     0.472171    -0.841848
  8.93374e+09     0.472172    -0.847536     -0.10824      1.84701     -0.10824      1.84701     0.472172    -0.847536
   8.9937e+09     0.472173    -0.853467    -0.109139       1.8601    -0.109139       1.8601     0.472173    -0.853467
  9.05366e+09     0.472175    -0.859187     -0.11004      1.87323     -0.11004      1.87323     0.472175    -0.859187
  9.11362e+09     0.472176    -0.864875    -0.110943       1.8864    -0.110943       1.8864     0.472176    -0.864875
  9.17357e+09     0.472177    -0.866462    -0.111852      1.89963    -0.111852      1.89963     0.472177    -0.866462
  9.23353e+09     0.472179    -0.872093    -0.112766      1.91292    -0.112766      1.91292     0.472179    -0.872093
  9.29349e+09      0.47218    -0.877552    -0.113684      1.92622    -0.113684      1.92622      0.47218    -0.877552
  9.35345e+09     0.472181    -0.883222     -0.11461       1.9396     -0.11461       1.9396     0.472181    -0.883222
  9.41341e+09     0.472183     -0.88866    -0.115546      1.95301    -0.115546      1.95301     0.472183     -0.88866
  9.47337e+09     0.472184    -0.890723    -0.116498      1.96648    -0.116498      1.96648     0.472184    -0.890723
  9.53332e+09     0.472186    -0.895381    -0.117461      1.97999    -0.117461      1.97999     0.472186    -0.895381
  9.59328e+09     0.472187    -0.900531    -0.118442      1.99354    -0.118442      1.99354     0.472187    -0.900531
  9.65324e+09     0.472189    -0.905728    -0.119436      2.00716    -0.119436      2.00716     0.472189    -0.905728
   9.7132e+09      0.47219    -0.911037    -0.120444      2.02081    -0.120444      2.02081      0.47219    -0.911037
  9.77315e+09     0.472192    -0.912764     -0.12147       2.0345     -0.12147       2.0345     0.472192    -0.912764
  9.83311e+09     0.472193    -0.916686    -0.122534      2.04827    -0.122534      2.04827     0.472193    -0.916686
  9.89307e+09     0.472195    -0.922543    -0.123599      2.06206    -0.123599      2.06206     0.472195    -0.922543
  9.95303e+09     0.472197    -0.926867    -0.124707      2.07592    -0.124707      2.07592     0.472197    -0.926867
